00000004
00000005
00000004
00000002
00000005
00000002
00000005
00000005
00000003
00000002
00000004
00000002
00000005
00000003
00000004
00000002
00000003
00000002
00000004
00000002
00000002
00000004
00000004
00000002
00000004
00000002
00000004
00000002
00000004
00000002
00000002
00000001
00000002
00000003
00000004
00000004
00000005
00000003
00000002
00000003
00000002
00000004
00000002
00000002
00000004
00000002
00000005
00000002
00000002
00000004
00000002
00000002
00000005
00000004
00000003
00000004
00000004
00000004
00000005
00000004
00000001
00000002
00000004
00000002
00000002
00000001
00000003
00000002
00000002
00000003
00000002
00000005
00000004
00000003
00000002
00000004
00000002
00000004
00000003
00000003
00000005
00000001
00000004
00000004
00000005
00000004
00000001
00000003
00000003
00000005
00000002
00000004
00000004
00000004
00000002
00000002
00000002
00000005
00000005
00000002
